0.000000 8.973500
0.013100 8.973500
0.026200 8.973500
0.039300 8.973500
0.052400 8.973500
0.065500 8.986600
0.078600 8.986600
0.091700 8.986600
0.104800 8.986600
0.117900 8.986600
0.131000 8.986600
0.144100 8.986600
0.157200 8.986600
0.170300 8.986600
0.183400 8.986600
0.196500 8.986600
0.209600 8.986600
0.222700 8.986600
0.235800 8.986600
0.248900 8.986600
0.262000 8.986600
0.275100 8.999700
0.288200 8.999700
0.301300 8.999700
0.314400 8.999700
0.327500 8.986600
0.340600 8.986600
0.353700 8.986600
0.366800 8.986600
0.379900 8.986600
0.393000 8.986600
0.406100 8.986600
0.419200 8.986600
0.432300 8.986600
0.445400 8.986600
0.458500 8.999700
0.471600 8.999700
0.484700 8.999700
0.497800 9.012800
0.510900 9.012800
0.524000 9.012800
0.537100 9.012800
0.550200 9.012800
0.563300 9.012800
0.576400 9.012800
0.589500 9.012800
0.602600 9.012800
0.615700 9.012800
0.628800 9.012800
0.641900 8.999700
0.655000 8.999700
0.668100 8.999700
0.681200 8.999700
0.694300 8.986600
0.707400 8.986600
0.720500 8.986600
0.733600 8.986600
0.746700 8.973500
0.759800 8.973500
0.772900 8.986600
0.786000 8.986600
0.799100 8.973500
0.812200 8.973500
0.825300 8.973500
0.838400 8.986600
0.851500 8.986600
0.864600 8.986600
0.877700 8.986600
0.890800 8.986600
0.903900 8.986600
0.917000 8.986600
0.930100 8.999700
0.943200 8.999700
0.956300 8.999700
0.969400 8.999700
0.982500 8.999700
0.995600 8.999700
1.008700 8.986600
1.021800 8.986600
1.034900 8.986600
1.048000 8.986600
1.061100 8.986600
1.074200 8.986600
1.087300 8.986600
1.100400 8.986600
1.113500 8.986600
1.126600 8.973500
1.139700 8.973500
1.152800 8.973500
1.165900 8.973500
1.179000 8.973500
1.192100 8.973500
1.205200 8.973500
1.218300 8.973500
1.231400 8.973500
1.244500 8.973500
1.257600 8.973500
1.270700 8.986600
1.283800 8.986600
1.296900 8.986600
1.310000 8.986600
1.323100 8.999700
1.336200 8.999700
1.349300 8.999700
1.362400 8.999700
1.375500 8.999700
1.388600 8.999700
1.401700 8.999700
1.414800 8.999700
1.427900 9.012800
1.441000 9.012800
1.454100 9.012800
1.467200 9.012800
1.480300 9.012800
1.493400 9.012800
1.506500 9.012800
1.519600 9.012800
1.532700 9.012800
1.545800 9.012800
1.558900 8.999700
1.572000 8.999700
1.585100 8.999700
1.598200 8.999700
1.611300 8.986600
1.624400 8.986600
1.637500 8.986600
1.650600 8.986600
1.663700 8.986600
1.676800 8.986600
1.689900 8.986600
1.703000 8.973500
1.716100 8.973500
1.729200 8.973500
1.742300 8.973500
1.755400 8.973500
1.768500 8.986600
1.781600 8.986600
1.794700 8.986600
1.807800 8.999700
1.820900 9.012800
1.834000 9.012800
1.847100 9.012800
1.860200 9.025900
1.873300 9.025900
1.886400 9.025900
1.899500 9.012800
1.912600 9.012800
1.925700 9.012800
1.938800 9.012800
1.951900 9.012800
1.965000 9.012800
1.978100 8.999700
1.991200 8.999700
2.004300 8.999700
2.017400 8.999700
2.030500 8.999700
2.043600 8.999700
2.056700 8.999700
2.069800 8.999700
2.082900 8.999700
2.096000 8.999700
2.109100 8.986600
2.122200 8.986600
2.135300 8.986600
2.148400 8.986600
2.161500 8.973500
2.174600 8.973500
2.187700 8.973500
2.200800 8.973500
2.213900 8.960400
2.227000 8.960400
2.240100 8.973500
2.253200 8.973500
2.266300 8.973500
2.279400 8.973500
2.292500 8.973500
2.305600 8.986600
2.318700 8.986600
2.331800 8.986600
2.344900 8.999700
2.358000 8.999700
2.371100 8.999700
2.384200 8.999700
2.397300 8.999700
2.410400 8.999700
2.423500 8.999700
2.436600 8.999700
2.449700 8.986600
2.462800 8.986600
2.475900 8.986600
2.489000 8.986600
2.502100 8.986600
2.515200 8.986600
2.528300 8.986600
2.541400 8.986600
2.554500 8.986600
2.567600 8.986600
2.580700 8.986600
2.593800 8.999700
2.606900 8.999700
2.620000 8.999700
2.633100 9.012800
2.646200 9.012800
2.659300 9.012800
2.672400 9.012800
2.685500 9.012800
2.698600 9.012800
2.711700 9.025900
2.724800 9.025900
2.737900 9.025900
2.751000 9.025900
2.764100 9.025900
2.777200 9.025900
2.790300 9.025900
2.803400 9.012800
2.816500 9.012800
2.829600 9.012800
2.842700 9.012800
2.855800 9.012800
2.868900 9.012800
2.882000 9.012800
2.895100 9.012800
2.908200 9.012800
2.921300 9.012800
2.934400 9.012800
2.947500 9.012800
2.960600 9.012800
2.973700 9.025900
2.986800 9.025900
2.999900 9.025900
3.013000 9.025900
3.026100 9.025900
3.039200 9.025900
3.052300 9.025900
3.065400 9.025900
3.078500 9.025900
3.091600 9.025900
3.104700 9.025900
3.117800 9.012800
3.130900 9.012800
3.144000 8.999700
3.157100 8.999700
3.170200 8.999700
3.183300 8.986600
3.196400 8.986600
3.209500 8.986600
3.222600 8.986600
3.235700 8.986600
3.248800 8.986600
3.261900 8.986600
3.275000 8.986600
3.288100 8.973500
3.301200 8.973500
3.314300 8.973500
3.327400 8.973500
3.340500 8.973500
3.353600 8.973500
3.366700 8.960400
3.379800 8.973500
3.392900 8.973500
3.406000 8.973500
3.419100 8.973500
3.432200 8.973500
3.445300 8.986600
3.458400 8.986600
3.471500 8.999700
3.484600 8.999700
3.497700 8.999700
3.510800 9.012800
3.523900 9.012800
3.537000 9.012800
3.550100 9.012800
3.563200 9.012800
3.576300 9.012800
3.589400 9.012800
3.602500 9.012800
3.615600 9.012800
3.628700 9.012800
3.641800 9.012800
3.654900 9.012800
3.668000 9.025900
3.681100 9.025900
3.694200 9.025900
3.707300 9.025900
3.720400 9.025900
3.733500 9.025900
3.746600 9.025900
3.759700 9.025900
3.772800 9.025900
3.785900 9.039000
3.799000 9.039000
3.812100 9.039000
3.825200 9.039000
3.838300 9.039000
3.851400 9.039000
3.864500 9.039000
3.877600 9.052100
3.890700 9.052100
3.903800 9.052100
3.916900 9.052100
3.930000 9.052100
3.943100 9.039000
3.956200 9.039000
3.969300 9.039000
3.982400 9.039000
3.995500 9.025900
4.008600 9.025900
4.021700 9.012800
4.034800 9.012800
4.047900 8.999700
4.061000 8.999700
4.074100 8.999700
4.087200 8.999700
4.100300 8.999700
4.113400 8.999700
4.126500 8.999700
4.139600 8.999700
4.152700 8.999700
4.165800 8.999700
4.178900 8.999700
4.192000 8.999700
4.205100 8.999700
4.218200 8.999700
4.231300 8.999700
4.244400 8.999700
4.257500 8.999700
4.270600 8.999700
4.283700 8.999700
4.296800 8.999700
4.309900 8.999700
4.323000 8.999700
4.336100 8.999700
4.349200 8.999700
4.362300 8.999700
4.375400 8.999700
4.388500 9.012800
4.401600 9.012800
4.414700 9.012800
4.427800 9.012800
4.440900 9.012800
4.454000 9.012800
4.467100 9.012800
4.480200 9.012800
4.493300 9.025900
4.506400 9.025900
4.519500 9.025900
4.532600 9.025900
4.545700 9.025900
4.558800 9.025900
4.571900 9.025900
4.585000 9.025900
4.598100 9.025900
4.611200 9.025900
4.624300 9.025900
4.637400 9.025900
4.650500 9.025900
4.663600 9.012800
4.676700 9.012800
4.689800 9.012800
4.702900 8.999700
4.716000 8.999700
4.729100 8.999700
4.742200 8.986600
4.755300 8.986600
4.768400 8.986600
4.781500 8.973500
4.794600 8.973500
4.807700 8.973500
4.820800 8.973500
4.833900 8.973500
4.847000 8.973500
4.860100 8.973500
4.873200 8.973500
4.886300 8.973500
4.899400 8.973500
4.912500 8.986600
4.925600 8.986600
4.938700 8.999700
4.951800 9.012800
4.964900 9.012800
4.978000 9.012800
4.991100 9.025900
5.004200 9.025900
5.017300 9.025900
5.030400 9.025900
5.043500 9.025900
5.056600 9.025900
5.069700 9.025900
5.082800 9.025900
5.095900 9.025900
5.109000 9.025900
5.122100 9.025900
5.135200 9.025900
5.148300 9.012800
5.161400 9.012800
5.174500 9.012800
5.187600 8.999700
5.200700 8.999700
5.213800 8.999700
5.226900 8.999700
5.240000 8.999700
5.253100 8.999700
5.266200 8.999700
5.279300 8.986600
5.292400 8.986600
5.305500 8.986600
5.318600 8.986600
5.331700 8.986600
5.344800 8.986600
5.357900 8.986600
5.371000 8.986600
5.384100 8.986600
5.397200 8.986600
5.410300 8.986600
5.423400 8.986600
5.436500 8.999700
5.449600 8.999700
5.462700 8.999700
5.475800 9.012800
5.488900 9.012800
5.502000 9.012800
5.515100 9.025900
5.528200 9.025900
5.541300 9.039000
5.554400 9.039000
5.567500 9.039000
5.580600 9.039000
5.593700 9.039000
5.606800 9.039000
5.619900 9.039000
5.633000 9.039000
5.646100 9.025900
5.659200 9.025900
5.672300 9.012800
5.685400 9.012800
5.698500 9.012800
5.711600 8.999700
5.724700 8.999700
5.737800 8.986600
5.750900 8.986600
5.764000 8.986600
5.777100 8.986600
5.790200 8.986600
5.803300 8.986600
5.816400 8.986600
5.829500 8.973500
5.842600 8.973500
5.855700 8.973500
5.868800 8.973500
5.881900 8.973500
5.895000 8.973500
5.908100 8.986600
5.921200 8.986600
5.934300 8.986600
5.947400 8.999700
5.960500 8.999700
5.973600 8.999700
5.986700 8.999700
5.999800 8.999700
6.012900 8.999700
6.026000 8.999700
6.039100 8.999700
6.052200 8.999700
6.065300 8.999700
6.078400 8.999700
6.091500 8.999700
6.104600 8.999700
6.117700 8.986600
6.130800 8.986600
6.143900 8.986600
6.157000 8.973500
6.170100 8.973500
6.183200 8.973500
6.196300 8.973500
6.209400 8.973500
6.222500 8.973500
6.235600 8.973500
6.248700 8.986600
6.261800 8.986600
6.274900 8.986600
6.288000 8.986600
6.301100 8.986600
6.314200 8.999700
6.327300 8.999700
6.340400 8.999700
6.353500 9.012800
6.366600 9.012800
6.379700 9.012800
6.392800 9.012800
6.405900 9.012800
6.419000 9.012800
6.432100 9.012800
6.445200 8.999700
6.458300 8.999700
6.471400 8.999700
6.484500 8.999700
6.497600 8.999700
6.510700 8.999700
6.523800 8.999700
6.536900 8.999700
6.550000 8.999700
6.563100 8.999700
6.576200 8.999700
6.589300 9.012800
6.602400 9.012800
6.615500 9.012800
6.628600 9.012800
6.641700 9.012800
6.654800 9.012800
6.667900 9.012800
6.681000 9.012800
6.694100 9.012800
6.707200 9.012800
6.720300 9.012800
6.733400 8.999700
6.746500 8.999700
6.759600 8.999700
6.772700 8.986600
6.785800 8.986600
6.798900 8.986600
6.812000 8.986600
6.825100 8.986600
6.838200 8.986600
6.851300 8.973500
6.864400 8.973500
6.877500 8.973500
6.890600 8.973500
6.903700 8.973500
6.916800 8.973500
6.929900 8.973500
6.943000 8.973500
6.956100 8.973500
6.969200 8.973500
6.982300 8.973500
6.995400 8.986600
7.008500 8.986600
7.021600 8.973500
7.034700 8.973500
7.047800 8.973500
7.060900 8.973500
7.074000 8.986600
7.087100 8.986600
7.100200 8.986600
7.113300 8.986600
7.126400 8.986600
7.139500 8.986600
7.152600 8.999700
7.165700 8.999700
7.178800 8.999700
7.191900 9.012800
7.205000 9.012800
7.218100 9.012800
7.231200 9.012800
7.244300 9.012800
7.257400 9.012800
7.270500 9.012800
7.283600 9.025900
7.296700 9.012800
7.309800 9.012800
7.322900 9.012800
7.336000 9.012800
7.349100 9.012800
7.362200 9.012800
7.375300 9.012800
7.388400 8.999700
7.401500 8.999700
7.414600 8.999700
7.427700 8.999700
7.440800 8.986600
7.453900 8.986600
7.467000 8.986600
7.480100 8.986600
7.493200 8.986600
7.506300 8.999700
7.519400 8.999700
7.532500 8.999700
7.545600 8.999700
7.558700 8.999700
7.571800 8.999700
7.584900 8.999700
7.598000 8.999700
7.611100 8.999700
7.624200 8.999700
7.637300 8.999700
7.650400 8.999700
7.663500 8.999700
7.676600 8.999700
7.689700 8.999700
7.702800 8.999700
7.715900 8.986600
7.729000 8.986600
