0.000000 8.921100
0.013100 8.921100
0.026200 8.934200
0.039300 8.934200
0.052400 8.934200
0.065500 8.934200
0.078600 8.934200
0.091700 8.934200
0.104800 8.934200
0.117900 8.934200
0.131000 8.934200
0.144100 8.934200
0.157200 8.934200
0.170300 8.921100
0.183400 8.921100
0.196500 8.921100
0.209600 8.921100
0.222700 8.921100
0.235800 8.921100
0.248900 8.921100
0.262000 8.921100
0.275100 8.921100
0.288200 8.921100
0.301300 8.934200
0.314400 8.934200
0.327500 8.934200
0.340600 8.934200
0.353700 8.934200
0.366800 8.934200
0.379900 8.934200
0.393000 8.934200
0.406100 8.947300
0.419200 8.947300
0.432300 8.947300
0.445400 8.947300
0.458500 8.947300
0.471600 8.960400
0.484700 8.960400
0.497800 8.960400
0.510900 8.973500
0.524000 8.973500
0.537100 8.973500
0.550200 8.973500
0.563300 8.973500
0.576400 8.973500
0.589500 8.973500
0.602600 8.973500
0.615700 8.973500
0.628800 8.973500
0.641900 8.973500
0.655000 8.973500
0.668100 8.973500
0.681200 8.973500
0.694300 8.960400
0.707400 8.960400
0.720500 8.960400
0.733600 8.960400
0.746700 8.960400
0.759800 8.960400
0.772900 8.960400
0.786000 8.960400
0.799100 8.960400
0.812200 8.960400
0.825300 8.960400
0.838400 8.960400
0.851500 8.947300
0.864600 8.947300
0.877700 8.947300
0.890800 8.947300
0.903900 8.947300
0.917000 8.947300
0.930100 8.947300
0.943200 8.960400
0.956300 8.960400
0.969400 8.960400
0.982500 8.973500
0.995600 8.973500
1.008700 8.973500
1.021800 8.973500
1.034900 8.973500
1.048000 8.973500
1.061100 8.973500
1.074200 8.960400
1.087300 8.960400
1.100400 8.960400
1.113500 8.960400
1.126600 8.960400
1.139700 8.960400
1.152800 8.960400
1.165900 8.960400
1.179000 8.960400
1.192100 8.973500
1.205200 8.973500
1.218300 8.973500
1.231400 8.973500
1.244500 8.973500
1.257600 8.973500
1.270700 8.973500
1.283800 8.973500
1.296900 8.973500
1.310000 8.960400
1.323100 8.960400
1.336200 8.960400
1.349300 8.960400
1.362400 8.960400
1.375500 8.960400
1.388600 8.960400
1.401700 8.960400
1.414800 8.960400
1.427900 8.947300
1.441000 8.960400
1.454100 8.960400
1.467200 8.960400
1.480300 8.973500
1.493400 8.973500
1.506500 8.973500
1.519600 8.986600
1.532700 8.986600
1.545800 8.986600
1.558900 8.986600
1.572000 8.986600
1.585100 8.986600
1.598200 8.973500
1.611300 8.973500
1.624400 8.973500
1.637500 8.973500
1.650600 8.973500
1.663700 8.973500
1.676800 8.973500
1.689900 8.973500
1.703000 8.973500
1.716100 8.973500
1.729200 8.973500
1.742300 8.973500
1.755400 8.973500
1.768500 8.973500
1.781600 8.973500
1.794700 8.973500
1.807800 8.973500
1.820900 8.973500
1.834000 8.973500
1.847100 8.973500
1.860200 8.973500
1.873300 8.960400
1.886400 8.960400
1.899500 8.960400
1.912600 8.960400
1.925700 8.960400
1.938800 8.947300
1.951900 8.947300
1.965000 8.947300
1.978100 8.947300
1.991200 8.947300
2.004300 8.947300
2.017400 8.947300
2.030500 8.960400
2.043600 8.960400
2.056700 8.960400
2.069800 8.960400
2.082900 8.960400
2.096000 8.960400
2.109100 8.960400
2.122200 8.960400
2.135300 8.960400
2.148400 8.960400
2.161500 8.960400
2.174600 8.960400
2.187700 8.960400
2.200800 8.960400
2.213900 8.960400
2.227000 8.960400
2.240100 8.947300
2.253200 8.947300
2.266300 8.947300
2.279400 8.934200
2.292500 8.934200
2.305600 8.934200
2.318700 8.947300
2.331800 8.947300
2.344900 8.947300
2.358000 8.947300
2.371100 8.960400
2.384200 8.960400
2.397300 8.960400
2.410400 8.973500
2.423500 8.973500
2.436600 8.973500
2.449700 8.973500
2.462800 8.973500
2.475900 8.973500
2.489000 8.973500
2.502100 8.973500
2.515200 8.973500
2.528300 8.973500
2.541400 8.960400
2.554500 8.960400
2.567600 8.960400
2.580700 8.960400
2.593800 8.960400
2.606900 8.960400
2.620000 8.973500
2.633100 8.973500
2.646200 8.986600
2.659300 8.986600
2.672400 8.986600
2.685500 8.986600
2.698600 8.986600
2.711700 8.986600
2.724800 8.986600
2.737900 8.986600
2.751000 8.973500
2.764100 8.973500
2.777200 8.973500
2.790300 8.960400
2.803400 8.960400
2.816500 8.960400
2.829600 8.960400
2.842700 8.947300
2.855800 8.947300
2.868900 8.947300
2.882000 8.934200
2.895100 8.947300
2.908200 8.947300
2.921300 8.947300
2.934400 8.947300
2.947500 8.960400
2.960600 8.960400
2.973700 8.960400
2.986800 8.960400
2.999900 8.973500
3.013000 8.973500
3.026100 8.973500
3.039200 8.973500
3.052300 8.973500
3.065400 8.973500
3.078500 8.973500
3.091600 8.973500
3.104700 8.973500
3.117800 8.973500
3.130900 8.973500
3.144000 8.973500
3.157100 8.973500
3.170200 8.973500
3.183300 8.960400
3.196400 8.960400
3.209500 8.960400
3.222600 8.960400
3.235700 8.960400
3.248800 8.960400
3.261900 8.960400
3.275000 8.960400
3.288100 8.960400
3.301200 8.960400
3.314300 8.960400
3.327400 8.947300
3.340500 8.947300
3.353600 8.947300
3.366700 8.960400
3.379800 8.960400
3.392900 8.960400
3.406000 8.960400
3.419100 8.947300
3.432200 8.947300
3.445300 8.947300
3.458400 8.960400
3.471500 8.960400
3.484600 8.960400
3.497700 8.960400
3.510800 8.960400
3.523900 8.973500
3.537000 8.973500
3.550100 8.973500
3.563200 8.973500
3.576300 8.973500
3.589400 8.973500
3.602500 8.973500
3.615600 8.973500
3.628700 8.986600
3.641800 8.986600
3.654900 8.986600
3.668000 8.986600
3.681100 8.986600
3.694200 8.986600
3.707300 8.986600
3.720400 8.986600
3.733500 8.986600
3.746600 8.973500
3.759700 8.973500
3.772800 8.973500
3.785900 8.960400
3.799000 8.960400
3.812100 8.960400
3.825200 8.960400
3.838300 8.960400
3.851400 8.960400
3.864500 8.960400
3.877600 8.973500
3.890700 8.986600
3.903800 8.999700
3.916900 8.999700
3.930000 9.012800
3.943100 9.012800
3.956200 9.012800
3.969300 9.012800
3.982400 8.999700
3.995500 8.999700
4.008600 8.999700
4.021700 8.986600
4.034800 8.986600
4.047900 8.986600
4.061000 8.986600
4.074100 8.973500
4.087200 8.973500
4.100300 8.973500
4.113400 8.973500
4.126500 8.973500
4.139600 8.973500
4.152700 8.960400
4.165800 8.960400
4.178900 8.960400
4.192000 8.960400
4.205100 8.960400
4.218200 8.960400
4.231300 8.973500
4.244400 8.973500
4.257500 8.973500
4.270600 8.973500
4.283700 8.973500
4.296800 8.973500
4.309900 8.973500
4.323000 8.973500
4.336100 8.973500
4.349200 8.986600
4.362300 8.986600
4.375400 8.973500
4.388500 8.973500
4.401600 8.973500
4.414700 8.973500
4.427800 8.973500
4.440900 8.960400
4.454000 8.960400
4.467100 8.960400
4.480200 8.960400
4.493300 8.960400
4.506400 8.960400
4.519500 8.960400
4.532600 8.960400
4.545700 8.973500
4.558800 8.973500
4.571900 8.973500
4.585000 8.960400
4.598100 8.960400
4.611200 8.960400
4.624300 8.947300
4.637400 8.947300
4.650500 8.947300
4.663600 8.947300
4.676700 8.934200
4.689800 8.934200
4.702900 8.934200
4.716000 8.934200
4.729100 8.934200
4.742200 8.934200
4.755300 8.934200
4.768400 8.934200
4.781500 8.934200
4.794600 8.947300
4.807700 8.947300
4.820800 8.947300
4.833900 8.960400
4.847000 8.960400
4.860100 8.973500
4.873200 8.973500
4.886300 8.986600
4.899400 8.973500
4.912500 8.973500
4.925600 8.973500
4.938700 8.973500
4.951800 8.973500
4.964900 8.973500
4.978000 8.960400
4.991100 8.960400
5.004200 8.973500
5.017300 8.973500
5.030400 8.973500
5.043500 8.973500
5.056600 8.973500
5.069700 8.986600
5.082800 8.986600
5.095900 8.986600
5.109000 8.986600
5.122100 8.973500
5.135200 8.973500
5.148300 8.973500
5.161400 8.973500
5.174500 8.973500
5.187600 8.960400
5.200700 8.960400
5.213800 8.947300
5.226900 8.947300
5.240000 8.947300
5.253100 8.934200
5.266200 8.934200
5.279300 8.934200
5.292400 8.934200
5.305500 8.934200
5.318600 8.934200
5.331700 8.934200
5.344800 8.934200
5.357900 8.934200
5.371000 8.921100
5.384100 8.921100
5.397200 8.921100
5.410300 8.921100
5.423400 8.934200
5.436500 8.934200
5.449600 8.934200
5.462700 8.934200
5.475800 8.947300
5.488900 8.947300
5.502000 8.947300
5.515100 8.960400
5.528200 8.960400
5.541300 8.960400
5.554400 8.960400
5.567500 8.960400
5.580600 8.960400
5.593700 8.960400
5.606800 8.960400
5.619900 8.960400
5.633000 8.947300
5.646100 8.947300
5.659200 8.947300
5.672300 8.947300
5.685400 8.947300
5.698500 8.947300
5.711600 8.947300
5.724700 8.947300
5.737800 8.947300
5.750900 8.947300
5.764000 8.947300
5.777100 8.947300
5.790200 8.947300
5.803300 8.947300
5.816400 8.947300
5.829500 8.947300
5.842600 8.947300
5.855700 8.947300
5.868800 8.947300
5.881900 8.934200
5.895000 8.934200
5.908100 8.947300
5.921200 8.947300
5.934300 8.934200
5.947400 8.934200
5.960500 8.934200
5.973600 8.934200
5.986700 8.934200
5.999800 8.934200
6.012900 8.934200
6.026000 8.934200
6.039100 8.934200
6.052200 8.947300
6.065300 8.947300
6.078400 8.947300
6.091500 8.947300
6.104600 8.947300
6.117700 8.947300
6.130800 8.947300
6.143900 8.947300
6.157000 8.947300
6.170100 8.947300
6.183200 8.934200
6.196300 8.934200
6.209400 8.934200
6.222500 8.934200
6.235600 8.934200
6.248700 8.934200
6.261800 8.934200
6.274900 8.934200
6.288000 8.934200
6.301100 8.934200
6.314200 8.934200
6.327300 8.934200
6.340400 8.934200
6.353500 8.934200
6.366600 8.947300
6.379700 8.947300
6.392800 8.947300
6.405900 8.947300
6.419000 8.947300
6.432100 8.947300
6.445200 8.934200
6.458300 8.934200
6.471400 8.934200
6.484500 8.947300
6.497600 8.947300
6.510700 8.947300
6.523800 8.947300
6.536900 8.960400
6.550000 8.960400
6.563100 8.960400
6.576200 8.960400
6.589300 8.960400
6.602400 8.947300
6.615500 8.947300
6.628600 8.960400
6.641700 8.960400
6.654800 8.947300
6.667900 8.947300
6.681000 8.947300
6.694100 8.947300
6.707200 8.934200
6.720300 8.934200
6.733400 8.934200
6.746500 8.921100
6.759600 8.921100
6.772700 8.921100
6.785800 8.921100
6.798900 8.921100
6.812000 8.921100
6.825100 8.921100
6.838200 8.921100
6.851300 8.921100
6.864400 8.921100
6.877500 8.921100
6.890600 8.921100
6.903700 8.921100
6.916800 8.921100
6.929900 8.921100
6.943000 8.921100
6.956100 8.921100
6.969200 8.921100
6.982300 8.921100
6.995400 8.921100
7.008500 8.921100
7.021600 8.921100
7.034700 8.921100
7.047800 8.921100
7.060900 8.921100
7.074000 8.921100
7.087100 8.921100
7.100200 8.921100
7.113300 8.921100
7.126400 8.921100
7.139500 8.921100
7.152600 8.934200
7.165700 8.934200
7.178800 8.934200
7.191900 8.934200
7.205000 8.934200
7.218100 8.934200
7.231200 8.934200
7.244300 8.947300
7.257400 8.947300
7.270500 8.947300
7.283600 8.947300
7.296700 8.947300
7.309800 8.960400
7.322900 8.947300
7.336000 8.947300
7.349100 8.960400
7.362200 8.960400
7.375300 8.960400
7.388400 8.947300
7.401500 8.947300
7.414600 8.947300
7.427700 8.947300
7.440800 8.947300
7.453900 8.947300
7.467000 8.947300
7.480100 8.934200
7.493200 8.934200
7.506300 8.934200
7.519400 8.934200
7.532500 8.934200
7.545600 8.934200
7.558700 8.934200
7.571800 8.934200
7.584900 8.934200
7.598000 8.934200
7.611100 8.934200
7.624200 8.934200
7.637300 8.934200
7.650400 8.934200
7.663500 8.947300
7.676600 8.947300
7.689700 8.947300
7.702800 8.947300
7.715900 8.947300
7.729000 8.947300
