0.000000 2.174600
0.013100 2.174600
0.026200 2.174600
0.039300 2.174600
0.052400 2.187700
0.065500 2.187700
0.078600 2.187700
0.091700 2.187700
0.104800 2.187700
0.117900 2.187700
0.131000 2.187700
0.144100 2.187700
0.157200 2.187700
0.170300 2.187700
0.183400 2.200800
0.196500 2.200800
0.209600 2.200800
0.222700 2.200800
0.235800 2.213900
0.248900 2.213900
0.262000 2.213900
0.275100 2.213900
0.288200 2.213900
0.301300 2.213900
0.314400 2.200800
0.327500 2.200800
0.340600 2.200800
0.353700 2.200800
0.366800 2.200800
0.379900 2.187700
0.393000 2.187700
0.406100 2.187700
0.419200 2.187700
0.432300 2.187700
0.445400 2.187700
0.458500 2.187700
0.471600 2.187700
0.484700 2.187700
0.497800 2.187700
0.510900 2.187700
0.524000 2.187700
0.537100 2.200800
0.550200 2.200800
0.563300 2.213900
0.576400 2.227000
0.589500 2.227000
0.602600 2.227000
0.615700 2.240100
0.628800 2.240100
0.641900 2.240100
0.655000 2.240100
0.668100 2.240100
0.681200 2.240100
0.694300 2.240100
0.707400 2.227000
0.720500 2.227000
0.733600 2.227000
0.746700 2.227000
0.759800 2.227000
0.772900 2.227000
0.786000 2.227000
0.799100 2.227000
0.812200 2.227000
0.825300 2.227000
0.838400 2.227000
0.851500 2.227000
0.864600 2.227000
0.877700 2.227000
0.890800 2.227000
0.903900 2.227000
0.917000 2.227000
0.930100 2.213900
0.943200 2.213900
0.956300 2.213900
0.969400 2.213900
0.982500 2.200800
0.995600 2.213900
1.008700 2.213900
1.021800 2.213900
1.034900 2.213900
1.048000 2.227000
1.061100 2.227000
1.074200 2.227000
1.087300 2.227000
1.100400 2.227000
1.113500 2.213900
1.126600 2.213900
1.139700 2.213900
1.152800 2.200800
1.165900 2.200800
1.179000 2.200800
1.192100 2.200800
1.205200 2.213900
1.218300 2.213900
1.231400 2.213900
1.244500 2.213900
1.257600 2.213900
1.270700 2.227000
1.283800 2.240100
1.296900 2.240100
1.310000 2.240100
1.323100 2.240100
1.336200 2.253200
1.349300 2.253200
1.362400 2.253200
1.375500 2.266300
1.388600 2.266300
1.401700 2.253200
1.414800 2.253200
1.427900 2.253200
1.441000 2.266300
1.454100 2.253200
1.467200 2.253200
1.480300 2.253200
1.493400 2.240100
1.506500 2.240100
1.519600 2.240100
1.532700 2.240100
1.545800 2.227000
1.558900 2.227000
1.572000 2.227000
1.585100 2.227000
1.598200 2.240100
1.611300 2.240100
1.624400 2.240100
1.637500 2.240100
1.650600 2.227000
1.663700 2.227000
1.676800 2.227000
1.689900 2.227000
1.703000 2.227000
1.716100 2.213900
1.729200 2.213900
1.742300 2.213900
1.755400 2.213900
1.768500 2.200800
1.781600 2.187700
1.794700 2.174600
1.807800 2.161500
1.820900 2.135300
1.834000 2.135300
1.847100 2.122200
1.860200 2.122200
1.873300 2.122200
1.886400 2.135300
1.899500 2.148400
1.912600 2.174600
1.925700 2.174600
1.938800 2.187700
1.951900 2.187700
1.965000 2.187700
1.978100 2.187700
1.991200 2.174600
2.004300 2.174600
2.017400 2.174600
2.030500 2.174600
2.043600 2.174600
2.056700 2.161500
2.069800 2.161500
2.082900 2.161500
2.096000 2.161500
2.109100 2.174600
2.122200 2.174600
2.135300 2.187700
2.148400 2.187700
2.161500 2.187700
2.174600 2.187700
2.187700 2.187700
2.200800 2.187700
2.213900 2.187700
2.227000 2.187700
2.240100 2.187700
2.253200 2.200800
2.266300 2.200800
2.279400 2.187700
2.292500 2.187700
2.305600 2.187700
2.318700 2.187700
2.331800 2.187700
2.344900 2.187700
2.358000 2.174600
2.371100 2.174600
2.384200 2.174600
2.397300 2.174600
2.410400 2.174600
2.423500 2.174600
2.436600 2.174600
2.449700 2.174600
2.462800 2.174600
2.475900 2.174600
2.489000 2.174600
2.502100 2.174600
2.515200 2.174600
2.528300 2.174600
2.541400 2.174600
2.554500 2.174600
2.567600 2.174600
2.580700 2.174600
2.593800 2.174600
2.606900 2.187700
2.620000 2.187700
2.633100 2.187700
2.646200 2.174600
2.659300 2.174600
2.672400 2.174600
2.685500 2.174600
2.698600 2.174600
2.711700 2.174600
2.724800 2.174600
2.737900 2.174600
2.751000 2.174600
2.764100 2.187700
2.777200 2.187700
2.790300 2.187700
2.803400 2.187700
2.816500 2.200800
2.829600 2.200800
2.842700 2.200800
2.855800 2.213900
2.868900 2.213900
2.882000 2.213900
2.895100 2.213900
2.908200 2.213900
2.921300 2.213900
2.934400 2.213900
2.947500 2.213900
2.960600 2.213900
2.973700 2.213900
2.986800 2.200800
2.999900 2.200800
3.013000 2.200800
3.026100 2.200800
3.039200 2.187700
3.052300 2.174600
3.065400 2.174600
3.078500 2.174600
3.091600 2.174600
3.104700 2.174600
3.117800 2.174600
3.130900 2.161500
3.144000 2.161500
3.157100 2.161500
3.170200 2.161500
3.183300 2.161500
3.196400 2.161500
3.209500 2.174600
3.222600 2.174600
3.235700 2.174600
3.248800 2.174600
3.261900 2.161500
3.275000 2.174600
3.288100 2.174600
3.301200 2.174600
3.314300 2.174600
3.327400 2.174600
3.340500 2.174600
3.353600 2.174600
3.366700 2.174600
3.379800 2.174600
3.392900 2.174600
3.406000 2.174600
3.419100 2.174600
3.432200 2.161500
3.445300 2.161500
3.458400 2.161500
3.471500 2.161500
3.484600 2.148400
3.497700 2.148400
3.510800 2.135300
3.523900 2.135300
3.537000 2.135300
3.550100 2.135300
3.563200 2.148400
3.576300 2.148400
3.589400 2.148400
3.602500 2.161500
3.615600 2.161500
3.628700 2.174600
3.641800 2.187700
3.654900 2.200800
3.668000 2.200800
3.681100 2.200800
3.694200 2.213900
3.707300 2.200800
3.720400 2.200800
3.733500 2.200800
3.746600 2.187700
3.759700 2.187700
3.772800 2.187700
3.785900 2.174600
3.799000 2.174600
3.812100 2.174600
3.825200 2.161500
3.838300 2.161500
3.851400 2.161500
3.864500 2.161500
3.877600 2.161500
3.890700 2.161500
3.903800 2.161500
3.916900 2.161500
3.930000 2.161500
3.943100 2.174600
3.956200 2.174600
3.969300 2.174600
3.982400 2.174600
3.995500 2.174600
4.008600 2.174600
4.021700 2.174600
4.034800 2.174600
4.047900 2.161500
4.061000 2.161500
4.074100 2.161500
4.087200 2.161500
4.100300 2.161500
4.113400 2.161500
4.126500 2.174600
4.139600 2.174600
4.152700 2.174600
4.165800 2.174600
4.178900 2.174600
4.192000 2.187700
4.205100 2.187700
4.218200 2.187700
4.231300 2.187700
4.244400 2.200800
4.257500 2.200800
4.270600 2.200800
4.283700 2.200800
4.296800 2.187700
4.309900 2.187700
4.323000 2.187700
4.336100 2.187700
4.349200 2.174600
4.362300 2.174600
4.375400 2.174600
4.388500 2.174600
4.401600 2.174600
4.414700 2.161500
4.427800 2.161500
4.440900 2.161500
4.454000 2.148400
4.467100 2.148400
4.480200 2.135300
4.493300 2.135300
4.506400 2.122200
4.519500 2.122200
4.532600 2.122200
4.545700 2.109100
4.558800 2.096000
4.571900 2.109100
4.585000 2.109100
4.598100 2.122200
4.611200 2.135300
4.624300 2.148400
4.637400 2.161500
4.650500 2.161500
4.663600 2.174600
4.676700 2.187700
4.689800 2.187700
4.702900 2.187700
4.716000 2.174600
4.729100 2.174600
4.742200 2.174600
4.755300 2.174600
4.768400 2.174600
4.781500 2.174600
4.794600 2.174600
4.807700 2.174600
4.820800 2.174600
4.833900 2.174600
4.847000 2.174600
4.860100 2.174600
4.873200 2.174600
4.886300 2.174600
4.899400 2.174600
4.912500 2.161500
4.925600 2.161500
4.938700 2.161500
4.951800 2.161500
4.964900 2.161500
4.978000 2.161500
4.991100 2.174600
5.004200 2.187700
5.017300 2.187700
5.030400 2.187700
5.043500 2.187700
5.056600 2.187700
5.069700 2.187700
5.082800 2.187700
5.095900 2.187700
5.109000 2.187700
5.122100 2.187700
5.135200 2.187700
5.148300 2.187700
5.161400 2.187700
5.174500 2.187700
5.187600 2.187700
5.200700 2.187700
5.213800 2.187700
5.226900 2.187700
5.240000 2.187700
5.253100 2.200800
5.266200 2.200800
5.279300 2.200800
5.292400 2.187700
5.305500 2.187700
5.318600 2.174600
5.331700 2.174600
5.344800 2.174600
5.357900 2.174600
5.371000 2.174600
5.384100 2.187700
5.397200 2.187700
5.410300 2.200800
5.423400 2.200800
5.436500 2.200800
5.449600 2.200800
5.462700 2.200800
5.475800 2.213900
5.488900 2.213900
5.502000 2.213900
5.515100 2.213900
5.528200 2.213900
5.541300 2.213900
5.554400 2.213900
5.567500 2.200800
5.580600 2.187700
5.593700 2.174600
5.606800 2.174600
5.619900 2.174600
5.633000 2.174600
5.646100 2.161500
5.659200 2.161500
5.672300 2.161500
5.685400 2.174600
5.698500 2.174600
5.711600 2.174600
5.724700 2.174600
5.737800 2.174600
5.750900 2.174600
5.764000 2.174600
5.777100 2.174600
5.790200 2.161500
5.803300 2.161500
5.816400 2.148400
5.829500 2.148400
5.842600 2.148400
5.855700 2.148400
5.868800 2.148400
5.881900 2.135300
5.895000 2.148400
5.908100 2.148400
5.921200 2.148400
5.934300 2.148400
5.947400 2.161500
5.960500 2.161500
5.973600 2.161500
5.986700 2.161500
5.999800 2.161500
6.012900 2.161500
6.026000 2.161500
6.039100 2.148400
6.052200 2.148400
6.065300 2.148400
6.078400 2.148400
6.091500 2.135300
6.104600 2.135300
6.117700 2.135300
6.130800 2.135300
6.143900 2.135300
6.157000 2.122200
6.170100 2.122200
6.183200 2.122200
6.196300 2.122200
6.209400 2.122200
6.222500 2.122200
6.235600 2.122200
6.248700 2.135300
6.261800 2.135300
6.274900 2.135300
6.288000 2.148400
6.301100 2.148400
6.314200 2.148400
6.327300 2.148400
6.340400 2.161500
6.353500 2.148400
6.366600 2.148400
6.379700 2.148400
6.392800 2.148400
6.405900 2.148400
6.419000 2.148400
6.432100 2.148400
6.445200 2.135300
6.458300 2.135300
6.471400 2.135300
6.484500 2.135300
6.497600 2.135300
6.510700 2.148400
6.523800 2.148400
6.536900 2.148400
6.550000 2.148400
6.563100 2.161500
6.576200 2.161500
6.589300 2.161500
6.602400 2.161500
6.615500 2.161500
6.628600 2.161500
6.641700 2.161500
6.654800 2.161500
6.667900 2.148400
6.681000 2.148400
6.694100 2.148400
6.707200 2.148400
6.720300 2.135300
6.733400 2.135300
6.746500 2.135300
6.759600 2.135300
6.772700 2.135300
6.785800 2.122200
6.798900 2.122200
6.812000 2.122200
6.825100 2.135300
6.838200 2.135300
6.851300 2.135300
6.864400 2.135300
6.877500 2.135300
6.890600 2.135300
6.903700 2.135300
6.916800 2.135300
6.929900 2.148400
6.943000 2.148400
6.956100 2.135300
6.969200 2.135300
6.982300 2.135300
6.995400 2.122200
7.008500 2.122200
7.021600 2.122200
7.034700 2.122200
7.047800 2.122200
7.060900 2.122200
7.074000 2.122200
7.087100 2.122200
7.100200 2.122200
7.113300 2.122200
7.126400 2.122200
7.139500 2.122200
7.152600 2.122200
7.165700 2.122200
7.178800 2.122200
7.191900 2.122200
7.205000 2.122200
7.218100 2.135300
7.231200 2.135300
7.244300 2.135300
7.257400 2.135300
7.270500 2.135300
7.283600 2.135300
7.296700 2.135300
7.309800 2.135300
7.322900 2.148400
7.336000 2.148400
7.349100 2.148400
7.362200 2.148400
7.375300 2.148400
7.388400 2.148400
7.401500 2.148400
7.414600 2.148400
7.427700 2.148400
7.440800 2.135300
7.453900 2.135300
7.467000 2.122200
7.480100 2.122200
7.493200 2.122200
7.506300 2.109100
7.519400 2.109100
7.532500 2.109100
7.545600 2.109100
7.558700 2.109100
7.571800 2.122200
7.584900 2.122200
7.598000 2.122200
7.611100 2.135300
7.624200 2.135300
7.637300 2.135300
7.650400 2.135300
7.663500 2.148400
7.676600 2.148400
7.689700 2.161500
7.702800 2.161500
7.715900 2.161500
7.729000 2.161500
