0.000000 9.091400
0.013100 9.091400
0.026200 9.091400
0.039300 9.091400
0.052400 9.104500
0.065500 9.104500
0.078600 9.104500
0.091700 9.104500
0.104800 9.104500
0.117900 9.104500
0.131000 9.104500
0.144100 9.104500
0.157200 9.104500
0.170300 9.104500
0.183400 9.104500
0.196500 9.104500
0.209600 9.104500
0.222700 9.104500
0.235800 9.104500
0.248900 9.104500
0.262000 9.104500
0.275100 9.104500
0.288200 9.104500
0.301300 9.104500
0.314400 9.117600
0.327500 9.117600
0.340600 9.117600
0.353700 9.117600
0.366800 9.117600
0.379900 9.117600
0.393000 9.117600
0.406100 9.130700
0.419200 9.130700
0.432300 9.130700
0.445400 9.143800
0.458500 9.143800
0.471600 9.156900
0.484700 9.156900
0.497800 9.156900
0.510900 9.156900
0.524000 9.170000
0.537100 9.170000
0.550200 9.170000
0.563300 9.170000
0.576400 9.170000
0.589500 9.183100
0.602600 9.183100
0.615700 9.183100
0.628800 9.183100
0.641900 9.170000
0.655000 9.170000
0.668100 9.170000
0.681200 9.170000
0.694300 9.170000
0.707400 9.170000
0.720500 9.170000
0.733600 9.170000
0.746700 9.170000
0.759800 9.170000
0.772900 9.170000
0.786000 9.156900
0.799100 9.156900
0.812200 9.156900
0.825300 9.156900
0.838400 9.156900
0.851500 9.156900
0.864600 9.156900
0.877700 9.143800
0.890800 9.143800
0.903900 9.143800
0.917000 9.130700
0.930100 9.130700
0.943200 9.130700
0.956300 9.130700
0.969400 9.117600
0.982500 9.117600
0.995600 9.117600
1.008700 9.117600
1.021800 9.117600
1.034900 9.117600
1.048000 9.104500
1.061100 9.104500
1.074200 9.104500
1.087300 9.104500
1.100400 9.104500
1.113500 9.104500
1.126600 9.104500
1.139700 9.104500
1.152800 9.104500
1.165900 9.104500
1.179000 9.104500
1.192100 9.104500
1.205200 9.091400
1.218300 9.091400
1.231400 9.104500
1.244500 9.104500
1.257600 9.104500
1.270700 9.104500
1.283800 9.104500
1.296900 9.104500
1.310000 9.104500
1.323100 9.104500
1.336200 9.117600
1.349300 9.117600
1.362400 9.117600
1.375500 9.117600
1.388600 9.117600
1.401700 9.117600
1.414800 9.130700
1.427900 9.130700
1.441000 9.130700
1.454100 9.130700
1.467200 9.130700
1.480300 9.130700
1.493400 9.130700
1.506500 9.143800
1.519600 9.143800
1.532700 9.143800
1.545800 9.156900
1.558900 9.156900
1.572000 9.156900
1.585100 9.156900
1.598200 9.156900
1.611300 9.156900
1.624400 9.156900
1.637500 9.156900
1.650600 9.156900
1.663700 9.156900
1.676800 9.156900
1.689900 9.156900
1.703000 9.143800
1.716100 9.143800
1.729200 9.143800
1.742300 9.143800
1.755400 9.143800
1.768500 9.156900
1.781600 9.156900
1.794700 9.156900
1.807800 9.156900
1.820900 9.156900
1.834000 9.170000
1.847100 9.170000
1.860200 9.170000
1.873300 9.170000
1.886400 9.170000
1.899500 9.170000
1.912600 9.170000
1.925700 9.170000
1.938800 9.170000
1.951900 9.170000
1.965000 9.170000
1.978100 9.156900
1.991200 9.156900
2.004300 9.156900
2.017400 9.156900
2.030500 9.143800
2.043600 9.143800
2.056700 9.130700
2.069800 9.130700
2.082900 9.130700
2.096000 9.117600
2.109100 9.117600
2.122200 9.117600
2.135300 9.117600
2.148400 9.104500
2.161500 9.104500
2.174600 9.104500
2.187700 9.104500
2.200800 9.091400
2.213900 9.091400
2.227000 9.091400
2.240100 9.091400
2.253200 9.091400
2.266300 9.091400
2.279400 9.091400
2.292500 9.104500
2.305600 9.104500
2.318700 9.104500
2.331800 9.104500
2.344900 9.117600
2.358000 9.117600
2.371100 9.130700
2.384200 9.130700
2.397300 9.143800
2.410400 9.143800
2.423500 9.156900
2.436600 9.170000
2.449700 9.170000
2.462800 9.183100
2.475900 9.183100
2.489000 9.183100
2.502100 9.196200
2.515200 9.196200
2.528300 9.183100
2.541400 9.183100
2.554500 9.183100
2.567600 9.170000
2.580700 9.170000
2.593800 9.170000
2.606900 9.170000
2.620000 9.170000
2.633100 9.170000
2.646200 9.170000
2.659300 9.170000
2.672400 9.170000
2.685500 9.170000
2.698600 9.170000
2.711700 9.170000
2.724800 9.170000
2.737900 9.170000
2.751000 9.170000
2.764100 9.170000
2.777200 9.170000
2.790300 9.170000
2.803400 9.183100
2.816500 9.183100
2.829600 9.183100
2.842700 9.183100
2.855800 9.183100
2.868900 9.183100
2.882000 9.196200
2.895100 9.196200
2.908200 9.209300
2.921300 9.209300
2.934400 9.209300
2.947500 9.209300
2.960600 9.209300
2.973700 9.222400
2.986800 9.222400
2.999900 9.209300
3.013000 9.209300
3.026100 9.209300
3.039200 9.196200
3.052300 9.196200
3.065400 9.183100
3.078500 9.170000
3.091600 9.170000
3.104700 9.156900
3.117800 9.143800
3.130900 9.130700
3.144000 9.130700
3.157100 9.117600
3.170200 9.117600
3.183300 9.117600
3.196400 9.117600
3.209500 9.104500
3.222600 9.104500
3.235700 9.104500
3.248800 9.104500
3.261900 9.091400
3.275000 9.091400
3.288100 9.091400
3.301200 9.091400
3.314300 9.091400
3.327400 9.091400
3.340500 9.091400
3.353600 9.091400
3.366700 9.091400
3.379800 9.091400
3.392900 9.091400
3.406000 9.104500
3.419100 9.104500
3.432200 9.104500
3.445300 9.117600
3.458400 9.117600
3.471500 9.117600
3.484600 9.130700
3.497700 9.130700
3.510800 9.130700
3.523900 9.130700
3.537000 9.130700
3.550100 9.130700
3.563200 9.130700
3.576300 9.130700
3.589400 9.130700
3.602500 9.130700
3.615600 9.130700
3.628700 9.143800
3.641800 9.143800
3.654900 9.143800
3.668000 9.156900
3.681100 9.156900
3.694200 9.170000
3.707300 9.170000
3.720400 9.183100
3.733500 9.196200
3.746600 9.196200
3.759700 9.209300
3.772800 9.209300
3.785900 9.222400
3.799000 9.222400
3.812100 9.235500
3.825200 9.235500
3.838300 9.235500
3.851400 9.222400
3.864500 9.222400
3.877600 9.209300
3.890700 9.209300
3.903800 9.196200
3.916900 9.183100
3.930000 9.170000
3.943100 9.170000
3.956200 9.143800
3.969300 9.130700
3.982400 9.117600
3.995500 9.104500
4.008600 9.104500
4.021700 9.091400
4.034800 9.091400
4.047900 9.091400
4.061000 9.091400
4.074100 9.091400
4.087200 9.104500
4.100300 9.104500
4.113400 9.104500
4.126500 9.104500
4.139600 9.104500
4.152700 9.104500
4.165800 9.104500
4.178900 9.104500
4.192000 9.104500
4.205100 9.104500
4.218200 9.104500
4.231300 9.104500
4.244400 9.117600
4.257500 9.117600
4.270600 9.117600
4.283700 9.117600
4.296800 9.117600
4.309900 9.117600
4.323000 9.117600
4.336100 9.117600
4.349200 9.117600
4.362300 9.117600
4.375400 9.117600
4.388500 9.130700
4.401600 9.130700
4.414700 9.143800
4.427800 9.143800
4.440900 9.143800
4.454000 9.143800
4.467100 9.156900
4.480200 9.156900
4.493300 9.156900
4.506400 9.156900
4.519500 9.156900
4.532600 9.170000
4.545700 9.170000
4.558800 9.170000
4.571900 9.183100
4.585000 9.183100
4.598100 9.183100
4.611200 9.183100
4.624300 9.183100
4.637400 9.183100
4.650500 9.183100
4.663600 9.170000
4.676700 9.156900
4.689800 9.156900
4.702900 9.143800
4.716000 9.130700
4.729100 9.117600
4.742200 9.117600
4.755300 9.104500
4.768400 9.104500
4.781500 9.091400
4.794600 9.091400
4.807700 9.091400
4.820800 9.091400
4.833900 9.091400
4.847000 9.091400
4.860100 9.091400
4.873200 9.104500
4.886300 9.104500
4.899400 9.104500
4.912500 9.104500
4.925600 9.117600
4.938700 9.117600
4.951800 9.117600
4.964900 9.130700
4.978000 9.130700
4.991100 9.143800
5.004200 9.143800
5.017300 9.156900
5.030400 9.170000
5.043500 9.170000
5.056600 9.183100
5.069700 9.196200
5.082800 9.196200
5.095900 9.196200
5.109000 9.196200
5.122100 9.196200
5.135200 9.196200
5.148300 9.196200
5.161400 9.196200
5.174500 9.196200
5.187600 9.196200
5.200700 9.196200
5.213800 9.196200
5.226900 9.183100
5.240000 9.183100
5.253100 9.183100
5.266200 9.170000
5.279300 9.170000
5.292400 9.156900
5.305500 9.156900
5.318600 9.156900
5.331700 9.156900
5.344800 9.156900
5.357900 9.156900
5.371000 9.156900
5.384100 9.156900
5.397200 9.156900
5.410300 9.170000
5.423400 9.170000
5.436500 9.183100
5.449600 9.183100
5.462700 9.183100
5.475800 9.196200
5.488900 9.196200
5.502000 9.209300
5.515100 9.209300
5.528200 9.209300
5.541300 9.209300
5.554400 9.209300
5.567500 9.209300
5.580600 9.209300
5.593700 9.209300
5.606800 9.209300
5.619900 9.209300
5.633000 9.196200
5.646100 9.196200
5.659200 9.183100
5.672300 9.170000
5.685400 9.170000
5.698500 9.156900
5.711600 9.143800
5.724700 9.143800
5.737800 9.130700
5.750900 9.117600
5.764000 9.117600
5.777100 9.104500
5.790200 9.104500
5.803300 9.104500
5.816400 9.104500
5.829500 9.104500
5.842600 9.104500
5.855700 9.104500
5.868800 9.104500
5.881900 9.117600
5.895000 9.117600
5.908100 9.130700
5.921200 9.130700
5.934300 9.130700
5.947400 9.143800
5.960500 9.143800
5.973600 9.156900
5.986700 9.156900
5.999800 9.156900
6.012900 9.156900
6.026000 9.156900
6.039100 9.156900
6.052200 9.156900
6.065300 9.156900
6.078400 9.143800
6.091500 9.143800
6.104600 9.143800
6.117700 9.130700
6.130800 9.130700
6.143900 9.130700
6.157000 9.117600
6.170100 9.117600
6.183200 9.104500
6.196300 9.104500
6.209400 9.104500
6.222500 9.091400
6.235600 9.091400
6.248700 9.091400
6.261800 9.091400
6.274900 9.091400
6.288000 9.078300
6.301100 9.078300
6.314200 9.078300
6.327300 9.091400
6.340400 9.091400
6.353500 9.091400
6.366600 9.091400
6.379700 9.091400
6.392800 9.091400
6.405900 9.104500
6.419000 9.104500
6.432100 9.104500
6.445200 9.104500
6.458300 9.117600
6.471400 9.117600
6.484500 9.130700
6.497600 9.143800
6.510700 9.143800
6.523800 9.143800
6.536900 9.156900
6.550000 9.156900
6.563100 9.156900
6.576200 9.170000
6.589300 9.170000
6.602400 9.170000
6.615500 9.170000
6.628600 9.183100
6.641700 9.183100
6.654800 9.183100
6.667900 9.183100
6.681000 9.183100
6.694100 9.170000
6.707200 9.170000
6.720300 9.170000
6.733400 9.156900
6.746500 9.156900
6.759600 9.143800
6.772700 9.143800
6.785800 9.130700
6.798900 9.130700
6.812000 9.117600
6.825100 9.117600
6.838200 9.117600
6.851300 9.104500
6.864400 9.104500
6.877500 9.091400
6.890600 9.091400
6.903700 9.091400
6.916800 9.091400
6.929900 9.091400
6.943000 9.091400
6.956100 9.091400
6.969200 9.091400
6.982300 9.104500
6.995400 9.104500
7.008500 9.104500
7.021600 9.104500
7.034700 9.117600
7.047800 9.117600
7.060900 9.117600
7.074000 9.130700
7.087100 9.130700
7.100200 9.143800
7.113300 9.143800
7.126400 9.156900
7.139500 9.170000
7.152600 9.170000
7.165700 9.183100
7.178800 9.183100
7.191900 9.183100
7.205000 9.196200
7.218100 9.196200
7.231200 9.183100
7.244300 9.183100
7.257400 9.183100
7.270500 9.170000
7.283600 9.170000
7.296700 9.156900
7.309800 9.156900
7.322900 9.143800
7.336000 9.143800
7.349100 9.143800
7.362200 9.130700
7.375300 9.130700
7.388400 9.130700
7.401500 9.117600
7.414600 9.117600
7.427700 9.104500
7.440800 9.104500
7.453900 9.104500
7.467000 9.104500
7.480100 9.104500
7.493200 9.104500
7.506300 9.104500
7.519400 9.104500
7.532500 9.104500
7.545600 9.117600
7.558700 9.117600
7.571800 9.117600
7.584900 9.130700
7.598000 9.130700
7.611100 9.130700
7.624200 9.143800
7.637300 9.143800
7.650400 9.156900
7.663500 9.156900
7.676600 9.156900
7.689700 9.170000
7.702800 9.170000
7.715900 9.170000
7.729000 9.183100
