0.000000 8.908000
0.013100 8.908000
0.026200 8.908000
0.039300 8.908000
0.052400 8.908000
0.065500 8.921100
0.078600 8.921100
0.091700 8.921100
0.104800 8.934200
0.117900 8.934200
0.131000 8.934200
0.144100 8.947300
0.157200 8.947300
0.170300 8.960400
0.183400 8.960400
0.196500 8.973500
0.209600 8.973500
0.222700 8.973500
0.235800 8.973500
0.248900 8.973500
0.262000 8.960400
0.275100 8.947300
0.288200 8.947300
0.301300 8.947300
0.314400 8.947300
0.327500 8.947300
0.340600 8.947300
0.353700 8.947300
0.366800 8.947300
0.379900 8.960400
0.393000 8.947300
0.406100 8.947300
0.419200 8.947300
0.432300 8.947300
0.445400 8.947300
0.458500 8.960400
0.471600 8.960400
0.484700 8.960400
0.497800 8.973500
0.510900 8.973500
0.524000 8.973500
0.537100 8.973500
0.550200 8.973500
0.563300 8.973500
0.576400 8.973500
0.589500 8.973500
0.602600 8.986600
0.615700 8.986600
0.628800 8.986600
0.641900 8.986600
0.655000 8.986600
0.668100 8.999700
0.681200 8.986600
0.694300 8.986600
0.707400 8.986600
0.720500 8.986600
0.733600 8.999700
0.746700 8.999700
0.759800 8.999700
0.772900 8.999700
0.786000 8.999700
0.799100 8.986600
0.812200 8.986600
0.825300 8.986600
0.838400 8.986600
0.851500 8.986600
0.864600 8.986600
0.877700 8.986600
0.890800 8.986600
0.903900 8.999700
0.917000 8.999700
0.930100 8.999700
0.943200 8.999700
0.956300 8.999700
0.969400 8.999700
0.982500 8.999700
0.995600 8.999700
1.008700 8.999700
1.021800 8.999700
1.034900 8.999700
1.048000 8.999700
1.061100 8.999700
1.074200 8.999700
1.087300 9.012800
1.100400 9.012800
1.113500 9.012800
1.126600 9.012800
1.139700 9.012800
1.152800 9.012800
1.165900 9.012800
1.179000 9.025900
1.192100 9.025900
1.205200 9.012800
1.218300 9.012800
1.231400 9.012800
1.244500 9.012800
1.257600 9.012800
1.270700 9.012800
1.283800 9.012800
1.296900 9.012800
1.310000 9.012800
1.323100 9.012800
1.336200 9.012800
1.349300 9.025900
1.362400 9.025900
1.375500 9.012800
1.388600 8.999700
1.401700 8.999700
1.414800 8.986600
1.427900 8.986600
1.441000 8.973500
1.454100 8.973500
1.467200 8.986600
1.480300 8.986600
1.493400 8.986600
1.506500 8.999700
1.519600 8.999700
1.532700 8.999700
1.545800 8.999700
1.558900 8.999700
1.572000 8.999700
1.585100 8.999700
1.598200 8.999700
1.611300 8.999700
1.624400 9.012800
1.637500 9.012800
1.650600 9.012800
1.663700 9.012800
1.676800 9.012800
1.689900 9.012800
1.703000 9.025900
1.716100 9.025900
1.729200 9.025900
1.742300 9.052100
1.755400 9.052100
1.768500 9.052100
1.781600 9.052100
1.794700 9.052100
1.807800 9.039000
1.820900 9.025900
1.834000 9.025900
1.847100 9.012800
1.860200 9.012800
1.873300 8.999700
1.886400 9.012800
1.899500 9.012800
1.912600 9.012800
1.925700 8.999700
1.938800 8.999700
1.951900 8.999700
1.965000 8.999700
1.978100 8.986600
1.991200 8.986600
2.004300 8.986600
2.017400 8.986600
2.030500 8.986600
2.043600 8.986600
2.056700 8.999700
2.069800 8.999700
2.082900 9.012800
2.096000 9.012800
2.109100 9.012800
2.122200 9.012800
2.135300 8.999700
2.148400 8.999700
2.161500 9.012800
2.174600 9.012800
2.187700 9.012800
2.200800 8.999700
2.213900 8.999700
2.227000 8.999700
2.240100 8.986600
2.253200 8.973500
2.266300 8.973500
2.279400 8.973500
2.292500 8.973500
2.305600 8.973500
2.318700 8.986600
2.331800 8.986600
2.344900 8.986600
2.358000 8.986600
2.371100 8.986600
2.384200 8.986600
2.397300 8.986600
2.410400 8.986600
2.423500 8.986600
2.436600 8.986600
2.449700 8.986600
2.462800 8.986600
2.475900 8.986600
2.489000 8.999700
2.502100 8.999700
2.515200 8.999700
2.528300 8.999700
2.541400 8.999700
2.554500 8.999700
2.567600 8.999700
2.580700 8.999700
2.593800 8.999700
2.606900 8.999700
2.620000 8.999700
2.633100 9.012800
2.646200 9.012800
2.659300 9.012800
2.672400 9.012800
2.685500 9.012800
2.698600 8.999700
2.711700 8.999700
2.724800 8.999700
2.737900 8.999700
2.751000 8.999700
2.764100 8.999700
2.777200 8.999700
2.790300 8.999700
2.803400 8.999700
2.816500 8.999700
2.829600 8.999700
2.842700 8.986600
2.855800 8.986600
2.868900 8.986600
2.882000 8.999700
2.895100 8.999700
2.908200 8.999700
2.921300 8.986600
2.934400 8.999700
2.947500 8.999700
2.960600 8.999700
2.973700 8.999700
2.986800 8.999700
2.999900 8.999700
3.013000 8.999700
3.026100 8.999700
3.039200 9.012800
3.052300 9.012800
3.065400 9.012800
3.078500 9.012800
3.091600 9.025900
3.104700 9.025900
3.117800 9.025900
3.130900 9.012800
3.144000 9.012800
3.157100 9.012800
3.170200 9.025900
3.183300 9.025900
3.196400 9.025900
3.209500 9.012800
3.222600 9.012800
3.235700 9.012800
3.248800 9.012800
3.261900 9.012800
3.275000 9.012800
3.288100 9.012800
3.301200 9.012800
3.314300 9.012800
3.327400 9.012800
3.340500 9.025900
3.353600 9.025900
3.366700 9.012800
3.379800 9.012800
3.392900 9.012800
3.406000 9.012800
3.419100 9.012800
3.432200 9.012800
3.445300 9.012800
3.458400 9.012800
3.471500 9.012800
3.484600 9.012800
3.497700 8.999700
3.510800 8.999700
3.523900 8.986600
3.537000 8.986600
3.550100 8.986600
3.563200 8.986600
3.576300 8.986600
3.589400 8.986600
3.602500 8.986600
3.615600 8.986600
3.628700 8.999700
3.641800 8.999700
3.654900 8.999700
3.668000 8.999700
3.681100 8.986600
3.694200 8.986600
3.707300 8.986600
3.720400 8.986600
3.733500 8.986600
3.746600 8.986600
3.759700 8.999700
3.772800 8.986600
3.785900 8.986600
3.799000 8.986600
3.812100 8.986600
3.825200 8.999700
3.838300 8.999700
3.851400 8.999700
3.864500 8.999700
3.877600 8.999700
3.890700 8.999700
3.903800 8.999700
3.916900 8.999700
3.930000 8.999700
3.943100 9.012800
3.956200 9.012800
3.969300 9.025900
3.982400 9.025900
3.995500 9.025900
4.008600 9.012800
4.021700 9.012800
4.034800 9.012800
4.047900 9.012800
4.061000 9.012800
4.074100 8.999700
4.087200 8.999700
4.100300 8.986600
4.113400 8.986600
4.126500 8.986600
4.139600 8.973500
4.152700 8.973500
4.165800 8.973500
4.178900 8.960400
4.192000 8.960400
4.205100 8.973500
4.218200 8.973500
4.231300 8.973500
4.244400 8.973500
4.257500 8.986600
4.270600 8.986600
4.283700 8.986600
4.296800 8.986600
4.309900 8.986600
4.323000 8.986600
4.336100 8.986600
4.349200 8.986600
4.362300 8.986600
4.375400 8.999700
4.388500 8.999700
4.401600 8.999700
4.414700 9.012800
4.427800 9.012800
4.440900 8.999700
4.454000 8.999700
4.467100 8.999700
4.480200 8.999700
4.493300 8.999700
4.506400 8.986600
4.519500 8.986600
4.532600 8.986600
4.545700 8.986600
4.558800 8.986600
4.571900 8.986600
4.585000 8.986600
4.598100 8.986600
4.611200 8.986600
4.624300 8.986600
4.637400 8.973500
4.650500 8.973500
4.663600 8.986600
4.676700 8.986600
4.689800 8.973500
4.702900 8.973500
4.716000 8.973500
4.729100 8.973500
4.742200 8.973500
4.755300 8.973500
4.768400 8.973500
4.781500 8.973500
4.794600 8.973500
4.807700 8.973500
4.820800 8.973500
4.833900 8.986600
4.847000 8.986600
4.860100 8.986600
4.873200 8.999700
4.886300 8.999700
4.899400 9.012800
4.912500 9.012800
4.925600 9.012800
4.938700 8.999700
4.951800 8.986600
4.964900 8.986600
4.978000 8.986600
4.991100 8.986600
5.004200 8.973500
5.017300 8.973500
5.030400 8.973500
5.043500 8.973500
5.056600 8.973500
5.069700 8.973500
5.082800 8.973500
5.095900 8.973500
5.109000 8.973500
5.122100 8.960400
5.135200 8.960400
5.148300 8.960400
5.161400 8.960400
5.174500 8.973500
5.187600 8.973500
5.200700 8.986600
5.213800 8.986600
5.226900 8.986600
5.240000 8.986600
5.253100 8.986600
5.266200 8.986600
5.279300 8.986600
5.292400 8.986600
5.305500 8.973500
5.318600 8.973500
5.331700 8.960400
5.344800 8.960400
5.357900 8.947300
5.371000 8.947300
5.384100 8.960400
5.397200 8.960400
5.410300 8.960400
5.423400 8.960400
5.436500 8.960400
5.449600 8.960400
5.462700 8.960400
5.475800 8.973500
5.488900 8.973500
5.502000 8.986600
5.515100 8.986600
5.528200 8.986600
5.541300 8.973500
5.554400 8.973500
5.567500 8.973500
5.580600 8.973500
5.593700 8.960400
5.606800 8.960400
5.619900 8.960400
5.633000 8.947300
5.646100 8.947300
5.659200 8.947300
5.672300 8.960400
5.685400 8.960400
5.698500 8.960400
5.711600 8.973500
5.724700 8.973500
5.737800 8.960400
5.750900 8.973500
5.764000 8.973500
5.777100 8.973500
5.790200 8.973500
5.803300 8.973500
5.816400 8.973500
5.829500 8.973500
5.842600 8.973500
5.855700 8.973500
5.868800 8.973500
5.881900 8.960400
5.895000 8.960400
5.908100 8.947300
5.921200 8.947300
5.934300 8.947300
5.947400 8.947300
5.960500 8.947300
5.973600 8.947300
5.986700 8.947300
5.999800 8.947300
6.012900 8.947300
6.026000 8.947300
6.039100 8.960400
6.052200 8.960400
6.065300 8.960400
6.078400 8.960400
6.091500 8.960400
6.104600 8.973500
6.117700 8.973500
6.130800 8.973500
6.143900 8.973500
6.157000 8.986600
6.170100 8.986600
6.183200 8.986600
6.196300 8.986600
6.209400 8.986600
6.222500 8.986600
6.235600 8.986600
6.248700 8.986600
6.261800 8.986600
6.274900 8.986600
6.288000 8.986600
6.301100 8.999700
6.314200 8.999700
6.327300 8.999700
6.340400 8.999700
6.353500 8.999700
6.366600 8.999700
6.379700 8.999700
6.392800 8.999700
6.405900 8.999700
6.419000 8.999700
6.432100 8.986600
6.445200 8.986600
6.458300 8.973500
6.471400 8.973500
6.484500 8.973500
6.497600 8.973500
6.510700 8.973500
6.523800 8.973500
6.536900 8.973500
6.550000 8.973500
6.563100 8.973500
6.576200 8.973500
6.589300 8.960400
6.602400 8.960400
6.615500 8.960400
6.628600 8.960400
6.641700 8.960400
6.654800 8.960400
6.667900 8.960400
6.681000 8.960400
6.694100 8.973500
6.707200 8.973500
6.720300 8.986600
6.733400 8.986600
6.746500 8.986600
6.759600 8.986600
6.772700 8.973500
6.785800 8.973500
6.798900 8.973500
6.812000 8.973500
6.825100 8.960400
6.838200 8.960400
6.851300 8.960400
6.864400 8.947300
6.877500 8.947300
6.890600 8.934200
6.903700 8.934200
6.916800 8.934200
6.929900 8.934200
6.943000 8.934200
6.956100 8.934200
6.969200 8.934200
6.982300 8.934200
6.995400 8.947300
7.008500 8.947300
7.021600 8.947300
7.034700 8.947300
7.047800 8.947300
7.060900 8.947300
7.074000 8.934200
7.087100 8.934200
7.100200 8.947300
7.113300 8.947300
7.126400 8.947300
7.139500 8.947300
7.152600 8.947300
7.165700 8.947300
7.178800 8.947300
7.191900 8.947300
7.205000 8.947300
7.218100 8.947300
7.231200 8.947300
7.244300 8.947300
7.257400 8.960400
7.270500 8.960400
7.283600 8.960400
7.296700 8.960400
7.309800 8.960400
7.322900 8.960400
7.336000 8.960400
7.349100 8.973500
7.362200 8.973500
7.375300 8.973500
7.388400 8.973500
7.401500 8.973500
7.414600 8.960400
7.427700 8.960400
7.440800 8.973500
7.453900 8.973500
7.467000 8.973500
7.480100 8.973500
7.493200 8.973500
7.506300 8.973500
7.519400 8.960400
7.532500 8.973500
7.545600 8.973500
7.558700 8.960400
7.571800 8.960400
7.584900 8.960400
7.598000 8.947300
7.611100 8.947300
7.624200 8.947300
7.637300 8.960400
7.650400 8.960400
7.663500 8.960400
7.676600 8.960400
7.689700 8.960400
7.702800 8.960400
7.715900 8.960400
7.729000 8.960400
