0.000000 2.148400
0.013100 2.148400
0.026200 2.148400
0.039300 2.135300
0.052400 2.135300
0.065500 2.135300
0.078600 2.135300
0.091700 2.135300
0.104800 2.135300
0.117900 2.148400
0.131000 2.148400
0.144100 2.148400
0.157200 2.148400
0.170300 2.148400
0.183400 2.148400
0.196500 2.148400
0.209600 2.148400
0.222700 2.148400
0.235800 2.148400
0.248900 2.148400
0.262000 2.135300
0.275100 2.135300
0.288200 2.135300
0.301300 2.135300
0.314400 2.122200
0.327500 2.122200
0.340600 2.122200
0.353700 2.122200
0.366800 2.122200
0.379900 2.122200
0.393000 2.122200
0.406100 2.122200
0.419200 2.122200
0.432300 2.122200
0.445400 2.122200
0.458500 2.122200
0.471600 2.135300
0.484700 2.135300
0.497800 2.135300
0.510900 2.135300
0.524000 2.148400
0.537100 2.148400
0.550200 2.148400
0.563300 2.148400
0.576400 2.148400
0.589500 2.148400
0.602600 2.161500
0.615700 2.161500
0.628800 2.161500
0.641900 2.161500
0.655000 2.161500
0.668100 2.161500
0.681200 2.161500
0.694300 2.161500
0.707400 2.161500
0.720500 2.161500
0.733600 2.174600
0.746700 2.174600
0.759800 2.174600
0.772900 2.174600
0.786000 2.174600
0.799100 2.174600
0.812200 2.174600
0.825300 2.174600
0.838400 2.174600
0.851500 2.174600
0.864600 2.161500
0.877700 2.161500
0.890800 2.148400
0.903900 2.148400
0.917000 2.148400
0.930100 2.148400
0.943200 2.148400
0.956300 2.148400
0.969400 2.135300
0.982500 2.135300
0.995600 2.135300
1.008700 2.135300
1.021800 2.135300
1.034900 2.148400
1.048000 2.148400
1.061100 2.148400
1.074200 2.148400
1.087300 2.161500
1.100400 2.161500
1.113500 2.161500
1.126600 2.161500
1.139700 2.161500
1.152800 2.161500
1.165900 2.161500
1.179000 2.161500
1.192100 2.161500
1.205200 2.161500
1.218300 2.161500
1.231400 2.174600
1.244500 2.174600
1.257600 2.174600
1.270700 2.174600
1.283800 2.174600
1.296900 2.174600
1.310000 2.174600
1.323100 2.174600
1.336200 2.174600
1.349300 2.174600
1.362400 2.174600
1.375500 2.174600
1.388600 2.174600
1.401700 2.174600
1.414800 2.174600
1.427900 2.161500
1.441000 2.161500
1.454100 2.161500
1.467200 2.161500
1.480300 2.161500
1.493400 2.161500
1.506500 2.161500
1.519600 2.161500
1.532700 2.148400
1.545800 2.148400
1.558900 2.148400
1.572000 2.148400
1.585100 2.161500
1.598200 2.161500
1.611300 2.161500
1.624400 2.161500
1.637500 2.161500
1.650600 2.161500
1.663700 2.161500
1.676800 2.161500
1.689900 2.161500
1.703000 2.161500
1.716100 2.148400
1.729200 2.148400
1.742300 2.148400
1.755400 2.148400
1.768500 2.148400
1.781600 2.135300
1.794700 2.135300
1.807800 2.135300
1.820900 2.135300
1.834000 2.135300
1.847100 2.135300
1.860200 2.135300
1.873300 2.135300
1.886400 2.135300
1.899500 2.135300
1.912600 2.135300
1.925700 2.135300
1.938800 2.135300
1.951900 2.135300
1.965000 2.135300
1.978100 2.148400
1.991200 2.148400
2.004300 2.148400
2.017400 2.135300
2.030500 2.135300
2.043600 2.135300
2.056700 2.122200
2.069800 2.122200
2.082900 2.109100
2.096000 2.109100
2.109100 2.109100
2.122200 2.109100
2.135300 2.109100
2.148400 2.122200
2.161500 2.122200
2.174600 2.122200
2.187700 2.122200
2.200800 2.122200
2.213900 2.122200
2.227000 2.122200
2.240100 2.122200
2.253200 2.122200
2.266300 2.122200
2.279400 2.122200
2.292500 2.122200
2.305600 2.122200
2.318700 2.122200
2.331800 2.122200
2.344900 2.122200
2.358000 2.122200
2.371100 2.122200
2.384200 2.122200
2.397300 2.122200
2.410400 2.122200
2.423500 2.122200
2.436600 2.109100
2.449700 2.109100
2.462800 2.109100
2.475900 2.109100
2.489000 2.109100
2.502100 2.109100
2.515200 2.109100
2.528300 2.109100
2.541400 2.109100
2.554500 2.109100
2.567600 2.109100
2.580700 2.109100
2.593800 2.109100
2.606900 2.109100
2.620000 2.109100
2.633100 2.109100
2.646200 2.096000
2.659300 2.096000
2.672400 2.096000
2.685500 2.096000
2.698600 2.109100
2.711700 2.109100
2.724800 2.122200
2.737900 2.135300
2.751000 2.135300
2.764100 2.148400
2.777200 2.148400
2.790300 2.161500
2.803400 2.161500
2.816500 2.161500
2.829600 2.161500
2.842700 2.161500
2.855800 2.148400
2.868900 2.148400
2.882000 2.135300
2.895100 2.135300
2.908200 2.135300
2.921300 2.135300
2.934400 2.135300
2.947500 2.135300
2.960600 2.135300
2.973700 2.135300
2.986800 2.135300
2.999900 2.135300
3.013000 2.135300
3.026100 2.122200
3.039200 2.122200
3.052300 2.122200
3.065400 2.122200
3.078500 2.122200
3.091600 2.122200
3.104700 2.122200
3.117800 2.122200
3.130900 2.122200
3.144000 2.122200
3.157100 2.122200
3.170200 2.135300
3.183300 2.135300
3.196400 2.135300
3.209500 2.135300
3.222600 2.148400
3.235700 2.148400
3.248800 2.148400
3.261900 2.148400
3.275000 2.148400
3.288100 2.135300
3.301200 2.135300
3.314300 2.135300
3.327400 2.135300
3.340500 2.135300
3.353600 2.135300
3.366700 2.135300
3.379800 2.135300
3.392900 2.135300
3.406000 2.122200
3.419100 2.122200
3.432200 2.109100
3.445300 2.109100
3.458400 2.109100
3.471500 2.109100
3.484600 2.109100
3.497700 2.109100
3.510800 2.109100
3.523900 2.122200
3.537000 2.122200
3.550100 2.122200
3.563200 2.122200
3.576300 2.122200
3.589400 2.135300
3.602500 2.135300
3.615600 2.135300
3.628700 2.135300
3.641800 2.135300
3.654900 2.135300
3.668000 2.135300
3.681100 2.135300
3.694200 2.135300
3.707300 2.135300
3.720400 2.135300
3.733500 2.135300
3.746600 2.135300
3.759700 2.122200
3.772800 2.122200
3.785900 2.122200
3.799000 2.122200
3.812100 2.109100
3.825200 2.109100
3.838300 2.109100
3.851400 2.109100
3.864500 2.109100
3.877600 2.109100
3.890700 2.109100
3.903800 2.096000
3.916900 2.096000
3.930000 2.096000
3.943100 2.096000
3.956200 2.096000
3.969300 2.096000
3.982400 2.109100
3.995500 2.109100
4.008600 2.109100
4.021700 2.109100
4.034800 2.109100
4.047900 2.109100
4.061000 2.109100
4.074100 2.109100
4.087200 2.122200
4.100300 2.122200
4.113400 2.122200
4.126500 2.109100
4.139600 2.122200
4.152700 2.122200
4.165800 2.122200
4.178900 2.122200
4.192000 2.122200
4.205100 2.122200
4.218200 2.122200
4.231300 2.122200
4.244400 2.109100
4.257500 2.109100
4.270600 2.122200
4.283700 2.122200
4.296800 2.109100
4.309900 2.109100
4.323000 2.109100
4.336100 2.096000
4.349200 2.082900
4.362300 2.082900
4.375400 2.082900
4.388500 2.082900
4.401600 2.069800
4.414700 2.069800
4.427800 2.069800
4.440900 2.069800
4.454000 2.069800
4.467100 2.069800
4.480200 2.069800
4.493300 2.069800
4.506400 2.069800
4.519500 2.082900
4.532600 2.082900
4.545700 2.096000
4.558800 2.096000
4.571900 2.096000
4.585000 2.096000
4.598100 2.109100
4.611200 2.109100
4.624300 2.096000
4.637400 2.096000
4.650500 2.096000
4.663600 2.096000
4.676700 2.096000
4.689800 2.096000
4.702900 2.096000
4.716000 2.096000
4.729100 2.096000
4.742200 2.082900
4.755300 2.082900
4.768400 2.082900
4.781500 2.082900
4.794600 2.096000
4.807700 2.096000
4.820800 2.096000
4.833900 2.096000
4.847000 2.096000
4.860100 2.109100
4.873200 2.109100
4.886300 2.109100
4.899400 2.109100
4.912500 2.109100
4.925600 2.122200
4.938700 2.122200
4.951800 2.122200
4.964900 2.122200
4.978000 2.122200
4.991100 2.135300
5.004200 2.135300
5.017300 2.135300
5.030400 2.135300
5.043500 2.135300
5.056600 2.135300
5.069700 2.135300
5.082800 2.135300
5.095900 2.135300
5.109000 2.135300
5.122100 2.135300
5.135200 2.135300
5.148300 2.135300
5.161400 2.135300
5.174500 2.135300
5.187600 2.135300
5.200700 2.135300
5.213800 2.135300
5.226900 2.122200
5.240000 2.122200
5.253100 2.122200
5.266200 2.122200
5.279300 2.122200
5.292400 2.122200
5.305500 2.122200
5.318600 2.122200
5.331700 2.122200
5.344800 2.122200
5.357900 2.122200
5.371000 2.122200
5.384100 2.122200
5.397200 2.122200
5.410300 2.122200
5.423400 2.122200
5.436500 2.122200
5.449600 2.122200
5.462700 2.109100
5.475800 2.109100
5.488900 2.109100
5.502000 2.096000
5.515100 2.096000
5.528200 2.109100
5.541300 2.109100
5.554400 2.109100
5.567500 2.109100
5.580600 2.109100
5.593700 2.109100
5.606800 2.109100
5.619900 2.109100
5.633000 2.109100
5.646100 2.109100
5.659200 2.109100
5.672300 2.109100
5.685400 2.109100
5.698500 2.096000
5.711600 2.096000
5.724700 2.096000
5.737800 2.096000
5.750900 2.096000
5.764000 2.096000
5.777100 2.096000
5.790200 2.096000
5.803300 2.096000
5.816400 2.096000
5.829500 2.096000
5.842600 2.082900
5.855700 2.082900
5.868800 2.069800
5.881900 2.056700
5.895000 2.056700
5.908100 2.056700
5.921200 2.056700
5.934300 2.056700
5.947400 2.056700
5.960500 2.056700
5.973600 2.056700
5.986700 2.056700
5.999800 2.069800
6.012900 2.069800
6.026000 2.069800
6.039100 2.069800
6.052200 2.082900
6.065300 2.082900
6.078400 2.096000
6.091500 2.096000
6.104600 2.096000
6.117700 2.096000
6.130800 2.096000
6.143900 2.096000
6.157000 2.096000
6.170100 2.096000
6.183200 2.096000
6.196300 2.096000
6.209400 2.096000
6.222500 2.096000
6.235600 2.096000
6.248700 2.096000
6.261800 2.096000
6.274900 2.096000
6.288000 2.096000
6.301100 2.096000
6.314200 2.096000
6.327300 2.096000
6.340400 2.096000
6.353500 2.096000
6.366600 2.082900
6.379700 2.082900
6.392800 2.082900
6.405900 2.069800
6.419000 2.069800
6.432100 2.069800
6.445200 2.069800
6.458300 2.069800
6.471400 2.069800
6.484500 2.082900
6.497600 2.082900
6.510700 2.082900
6.523800 2.082900
6.536900 2.082900
6.550000 2.082900
6.563100 2.082900
6.576200 2.082900
6.589300 2.082900
6.602400 2.082900
6.615500 2.082900
6.628600 2.082900
6.641700 2.082900
6.654800 2.082900
6.667900 2.082900
6.681000 2.082900
6.694100 2.082900
6.707200 2.082900
6.720300 2.082900
6.733400 2.082900
6.746500 2.082900
6.759600 2.082900
6.772700 2.082900
6.785800 2.096000
6.798900 2.096000
6.812000 2.082900
6.825100 2.096000
6.838200 2.096000
6.851300 2.096000
6.864400 2.082900
6.877500 2.082900
6.890600 2.082900
6.903700 2.082900
6.916800 2.069800
6.929900 2.069800
6.943000 2.069800
6.956100 2.056700
6.969200 2.056700
6.982300 2.056700
6.995400 2.056700
7.008500 2.056700
7.021600 2.056700
7.034700 2.056700
7.047800 2.056700
7.060900 2.056700
7.074000 2.056700
7.087100 2.056700
7.100200 2.056700
7.113300 2.056700
7.126400 2.056700
7.139500 2.056700
7.152600 2.056700
7.165700 2.056700
7.178800 2.056700
7.191900 2.056700
7.205000 2.069800
7.218100 2.069800
7.231200 2.069800
7.244300 2.069800
7.257400 2.069800
7.270500 2.069800
7.283600 2.069800
7.296700 2.056700
7.309800 2.056700
7.322900 2.056700
7.336000 2.056700
7.349100 2.056700
7.362200 2.056700
7.375300 2.056700
7.388400 2.056700
7.401500 2.056700
7.414600 2.056700
7.427700 2.056700
7.440800 2.056700
7.453900 2.056700
7.467000 2.056700
7.480100 2.056700
7.493200 2.056700
7.506300 2.043600
7.519400 2.043600
7.532500 2.043600
7.545600 2.043600
7.558700 2.056700
7.571800 2.056700
7.584900 2.056700
7.598000 2.056700
7.611100 2.056700
7.624200 2.056700
7.637300 2.056700
7.650400 2.056700
7.663500 2.056700
7.676600 2.056700
7.689700 2.056700
7.702800 2.056700
7.715900 2.056700
7.729000 2.056700
