0.000000 1.820900
0.013100 1.820900
0.026200 1.834000
0.039300 1.834000
0.052400 1.847100
0.065500 1.847100
0.078600 1.847100
0.091700 1.860200
0.104800 1.860200
0.117900 1.860200
0.131000 1.847100
0.144100 1.847100
0.157200 1.847100
0.170300 1.847100
0.183400 1.847100
0.196500 1.834000
0.209600 1.834000
0.222700 1.834000
0.235800 1.820900
0.248900 1.794700
0.262000 1.689900
0.275100 1.663700
0.288200 1.532700
0.301300 1.532700
0.314400 1.532700
0.327500 1.532700
0.340600 1.519600
0.353700 1.519600
0.366800 1.506500
0.379900 1.506500
0.393000 1.493400
0.406100 1.493400
0.419200 1.493400
0.432300 1.493400
0.445400 1.493400
0.458500 1.493400
0.471600 1.493400
0.484700 1.493400
0.497800 1.493400
0.510900 1.506500
0.524000 1.506500
0.537100 1.506500
0.550200 1.506500
0.563300 1.506500
0.576400 1.519600
0.589500 1.519600
0.602600 1.519600
0.615700 1.519600
0.628800 1.519600
0.641900 1.519600
0.655000 1.519600
0.668100 1.519600
0.681200 1.519600
0.694300 1.519600
0.707400 1.519600
0.720500 1.532700
0.733600 1.532700
0.746700 1.545800
0.759800 1.558900
0.772900 1.572000
0.786000 1.585100
0.799100 1.598200
0.812200 1.611300
0.825300 1.611300
0.838400 1.624400
0.851500 1.637500
0.864600 1.650600
0.877700 1.650600
0.890800 1.663700
0.903900 1.676800
0.917000 1.689900
0.930100 1.703000
0.943200 1.716100
0.956300 1.729200
0.969400 1.742300
0.982500 1.755400
0.995600 1.768500
1.008700 1.781600
1.021800 1.794700
1.034900 1.807800
1.048000 1.807800
1.061100 1.820900
1.074200 1.834000
1.087300 1.847100
1.100400 1.860200
1.113500 1.860200
1.126600 1.873300
1.139700 1.886400
1.152800 1.899500
1.165900 1.899500
1.179000 1.912600
1.192100 1.912600
1.205200 1.912600
1.218300 1.912600
1.231400 1.912600
1.244500 1.912600
1.257600 1.912600
1.270700 1.912600
1.283800 1.912600
1.296900 1.899500
1.310000 1.899500
1.323100 1.899500
1.336200 1.899500
1.349300 1.886400
1.362400 1.886400
1.375500 1.873300
1.388600 1.873300
1.401700 1.860200
1.414800 1.847100
1.427900 1.834000
1.441000 1.807800
1.454100 1.794700
1.467200 1.781600
1.480300 1.768500
1.493400 1.755400
1.506500 1.742300
1.519600 1.729200
1.532700 1.716100
1.545800 1.689900
1.558900 1.689900
1.572000 1.676800
1.585100 1.663700
1.598200 1.650600
1.611300 1.637500
1.624400 1.624400
1.637500 1.598200
1.650600 1.585100
1.663700 1.572000
1.676800 1.558900
1.689900 1.545800
1.703000 1.545800
1.716100 1.532700
1.729200 1.532700
1.742300 1.532700
1.755400 1.532700
1.768500 1.532700
1.781600 1.545800
1.794700 1.545800
1.807800 1.558900
1.820900 1.558900
1.834000 1.572000
1.847100 1.572000
1.860200 1.585100
1.873300 1.598200
1.886400 1.598200
1.899500 1.611300
1.912600 1.611300
1.925700 1.611300
1.938800 1.624400
1.951900 1.624400
1.965000 1.624400
1.978100 1.624400
1.991200 1.624400
2.004300 1.624400
2.017400 1.624400
2.030500 1.624400
2.043600 1.624400
2.056700 1.624400
2.069800 1.624400
2.082900 1.624400
2.096000 1.624400
2.109100 1.624400
2.122200 1.624400
2.135300 1.624400
2.148400 1.624400
2.161500 1.624400
2.174600 1.637500
2.187700 1.637500
2.200800 1.637500
2.213900 1.637500
2.227000 1.637500
2.240100 1.637500
2.253200 1.637500
2.266300 1.650600
2.279400 1.650600
2.292500 1.650600
2.305600 1.650600
2.318700 1.663700
2.331800 1.663700
2.344900 1.663700
2.358000 1.663700
2.371100 1.676800
2.384200 1.676800
2.397300 1.689900
2.410400 1.689900
2.423500 1.689900
2.436600 1.689900
2.449700 1.689900
2.462800 1.676800
2.475900 1.663700
2.489000 1.637500
2.502100 1.624400
2.515200 1.585100
2.528300 1.572000
2.541400 1.558900
2.554500 1.323100
2.567600 1.323100
2.580700 1.323100
2.593800 1.323100
2.606900 1.323100
2.620000 1.323100
2.633100 1.310000
2.646200 1.310000
2.659300 1.296900
2.672400 1.283800
2.685500 1.283800
2.698600 1.296900
2.711700 1.296900
2.724800 1.296900
2.737900 1.296900
2.751000 1.323100
2.764100 1.336200
2.777200 1.349300
2.790300 1.362400
2.803400 1.375500
2.816500 1.388600
2.829600 1.388600
2.842700 1.401700
2.855800 1.401700
2.868900 1.414800
2.882000 1.427900
2.895100 1.454100
2.908200 1.467200
2.921300 1.480300
2.934400 1.506500
2.947500 1.519600
2.960600 1.545800
2.973700 1.585100
2.986800 1.611300
2.999900 1.637500
3.013000 1.650600
3.026100 1.676800
3.039200 1.703000
3.052300 1.716100
3.065400 1.755400
3.078500 1.781600
3.091600 1.794700
3.104700 1.807800
3.117800 1.820900
3.130900 1.820900
3.144000 1.820900
3.157100 1.834000
3.170200 1.834000
3.183300 1.834000
3.196400 1.834000
3.209500 1.834000
3.222600 1.834000
3.235700 1.834000
3.248800 1.834000
3.261900 1.834000
3.275000 1.820900
3.288100 1.807800
3.301200 1.807800
3.314300 1.794700
3.327400 1.794700
3.340500 1.781600
3.353600 1.768500
3.366700 1.768500
3.379800 1.768500
3.392900 1.755400
3.406000 1.729200
3.419100 1.676800
3.432200 1.598200
3.445300 1.362400
3.458400 1.349300
3.471500 1.349300
3.484600 1.336200
3.497700 1.336200
3.510800 1.336200
3.523900 1.323100
3.537000 1.323100
3.550100 1.310000
3.563200 1.296900
3.576300 1.296900
3.589400 1.270700
3.602500 1.283800
3.615600 1.296900
3.628700 1.296900
3.641800 1.310000
3.654900 1.310000
3.668000 1.323100
3.681100 1.323100
3.694200 1.323100
3.707300 1.323100
3.720400 1.336200
3.733500 1.336200
3.746600 1.349300
3.759700 1.362400
3.772800 1.362400
3.785900 1.375500
3.799000 1.388600
3.812100 1.401700
3.825200 1.401700
3.838300 1.414800
3.851400 1.427900
3.864500 1.441000
3.877600 1.454100
3.890700 1.480300
3.903800 1.506500
3.916900 1.532700
3.930000 1.558900
3.943100 1.585100
3.956200 1.611300
3.969300 1.637500
3.982400 1.663700
3.995500 1.689900
4.008600 1.716100
4.021700 1.755400
4.034800 1.768500
4.047900 1.768500
4.061000 1.768500
4.074100 1.781600
4.087200 1.781600
4.100300 1.781600
4.113400 1.781600
4.126500 1.768500
4.139600 1.768500
4.152700 1.755400
4.165800 1.755400
4.178900 1.755400
4.192000 1.755400
4.205100 1.755400
4.218200 1.755400
4.231300 1.755400
4.244400 1.742300
4.257500 1.742300
4.270600 1.742300
4.283700 1.729200
4.296800 1.729200
4.309900 1.716100
4.323000 1.703000
4.336100 1.689900
4.349200 1.689900
4.362300 1.676800
4.375400 1.663700
4.388500 1.637500
4.401600 1.624400
4.414700 1.611300
4.427800 1.598200
4.440900 1.585100
4.454000 1.572000
4.467100 1.545800
4.480200 1.532700
4.493300 1.506500
4.506400 1.454100
4.519500 1.441000
4.532600 1.414800
4.545700 1.401700
4.558800 1.375500
4.571900 1.362400
4.585000 1.349300
4.598100 1.336200
4.611200 1.336200
4.624300 1.323100
4.637400 1.323100
4.650500 1.323100
4.663600 1.323100
4.676700 1.310000
4.689800 1.310000
4.702900 1.310000
4.716000 1.310000
4.729100 1.310000
4.742200 1.323100
4.755300 1.323100
4.768400 1.323100
4.781500 1.336200
4.794600 1.349300
4.807700 1.375500
4.820800 1.388600
4.833900 1.414800
4.847000 1.427900
4.860100 1.441000
4.873200 1.454100
4.886300 1.467200
4.899400 1.467200
4.912500 1.467200
4.925600 1.480300
4.938700 1.493400
4.951800 1.493400
4.964900 1.493400
4.978000 1.480300
4.991100 1.480300
5.004200 1.480300
5.017300 1.480300
5.030400 1.493400
5.043500 1.493400
5.056600 1.506500
5.069700 1.493400
5.082800 1.493400
5.095900 1.493400
5.109000 1.493400
5.122100 1.480300
5.135200 1.454100
5.148300 1.427900
5.161400 1.414800
5.174500 1.401700
5.187600 1.401700
5.200700 1.401700
5.213800 1.388600
5.226900 1.388600
5.240000 1.388600
5.253100 1.388600
5.266200 1.388600
5.279300 1.388600
5.292400 1.388600
5.305500 1.388600
5.318600 1.388600
5.331700 1.388600
5.344800 1.388600
5.357900 1.401700
5.371000 1.401700
5.384100 1.414800
5.397200 1.414800
5.410300 1.414800
5.423400 1.414800
5.436500 1.427900
5.449600 1.427900
5.462700 1.427900
5.475800 1.441000
5.488900 1.441000
5.502000 1.441000
5.515100 1.441000
5.528200 1.454100
5.541300 1.454100
5.554400 1.454100
5.567500 1.454100
5.580600 1.454100
5.593700 1.454100
5.606800 1.467200
5.619900 1.467200
5.633000 1.480300
5.646100 1.493400
5.659200 1.493400
5.672300 1.506500
5.685400 1.519600
5.698500 1.532700
5.711600 1.545800
5.724700 1.545800
5.737800 1.558900
5.750900 1.558900
5.764000 1.572000
5.777100 1.572000
5.790200 1.585100
5.803300 1.585100
5.816400 1.598200
5.829500 1.624400
5.842600 1.650600
5.855700 1.663700
5.868800 1.663700
5.881900 1.676800
5.895000 1.689900
5.908100 1.703000
5.921200 1.703000
5.934300 1.716100
5.947400 1.716100
5.960500 1.729200
5.973600 1.742300
5.986700 1.742300
5.999800 1.742300
6.012900 1.755400
6.026000 1.755400
6.039100 1.768500
6.052200 1.768500
6.065300 1.768500
6.078400 1.781600
6.091500 1.781600
6.104600 1.781600
6.117700 1.794700
6.130800 1.794700
6.143900 1.794700
6.157000 1.794700
6.170100 1.794700
6.183200 1.794700
6.196300 1.807800
6.209400 1.807800
6.222500 1.807800
6.235600 1.807800
6.248700 1.807800
6.261800 1.807800
6.274900 1.807800
6.288000 1.807800
6.301100 1.794700
6.314200 1.794700
6.327300 1.794700
6.340400 1.794700
6.353500 1.781600
6.366600 1.781600
6.379700 1.781600
6.392800 1.781600
6.405900 1.768500
6.419000 1.768500
6.432100 1.755400
6.445200 1.755400
6.458300 1.742300
6.471400 1.742300
6.484500 1.729200
6.497600 1.716100
6.510700 1.716100
6.523800 1.703000
6.536900 1.689900
6.550000 1.676800
6.563100 1.676800
6.576200 1.663700
6.589300 1.650600
6.602400 1.650600
6.615500 1.637500
6.628600 1.624400
6.641700 1.611300
6.654800 1.611300
6.667900 1.598200
6.681000 1.585100
6.694100 1.572000
6.707200 1.545800
6.720300 1.532700
6.733400 1.519600
6.746500 1.506500
6.759600 1.493400
6.772700 1.480300
6.785800 1.480300
6.798900 1.467200
6.812000 1.467200
6.825100 1.454100
6.838200 1.441000
6.851300 1.441000
6.864400 1.441000
6.877500 1.427900
6.890600 1.427900
6.903700 1.427900
6.916800 1.427900
6.929900 1.427900
6.943000 1.427900
6.956100 1.427900
6.969200 1.441000
6.982300 1.441000
6.995400 1.441000
7.008500 1.454100
7.021600 1.454100
7.034700 1.454100
7.047800 1.467200
7.060900 1.467200
7.074000 1.480300
7.087100 1.480300
7.100200 1.480300
7.113300 1.480300
7.126400 1.480300
7.139500 1.480300
7.152600 1.480300
7.165700 1.480300
7.178800 1.480300
7.191900 1.480300
7.205000 1.467200
7.218100 1.467200
7.231200 1.454100
7.244300 1.454100
7.257400 1.441000
7.270500 1.441000
7.283600 1.441000
7.296700 1.441000
7.309800 1.441000
7.322900 1.427900
7.336000 1.427900
7.349100 1.427900
7.362200 1.427900
7.375300 1.441000
7.388400 1.441000
7.401500 1.441000
7.414600 1.441000
7.427700 1.454100
7.440800 1.454100
7.453900 1.467200
7.467000 1.467200
7.480100 1.467200
7.493200 1.480300
7.506300 1.480300
7.519400 1.493400
7.532500 1.506500
7.545600 1.506500
7.558700 1.519600
7.571800 1.519600
7.584900 1.532700
7.598000 1.532700
7.611100 1.532700
7.624200 1.545800
7.637300 1.545800
7.650400 1.558900
7.663500 1.558900
7.676600 1.572000
7.689700 1.585100
7.702800 1.585100
7.715900 1.585100
7.729000 1.598200
